-1.6096 1.1848 1.2583 -1.5831 -1.4255 -2.4403 1
-1.1011 2.9644 2.0456 0.0792 -2.1921 -0.3137 1
-2.0238 -0.7664 -3.4370 -1.5773 -1.4959 0.7887 -1
-0.3746 1.5968 -1.2368 -2.3373 -3.4714 0.9734 1
-1.8135 -1.0394 -4.2698 -1.9111 -1.2463 1.1433 -1
-2.2427 1.4973 0.6987 1.1098 0.2788 -0.5943 -1
-0.1515 1.0681 0.7135 -0.6835 -1.1917 -0.3920 1
-0.8751 2.9613 1.2908 -1.2194 2.2136 -2.7123 1
-0.5134 0.7357 -0.5342 0.2972 -0.3036 0.8367 -1
0.8054 0.4048 0.1149 -0.3387 0.5264 0.0019 1
0.0857 -0.2504 0.3180 -0.5136 -0.4016 -0.5973 1
-0.2531 2.0464 -2.2782 0.9229 -1.3868 4.1018 -1
1.0369 -0.8331 -0.0870 1.3481 2.0554 0.6698 1
-1.2200 2.0536 -1.5010 1.1877 -2.3048 3.4744 -1
0.2237 0.6997 1.0223 1.4373 1.7216 -0.0178 -1
-2.0171 0.4299 -3.4732 -0.4335 -2.3077 2.6736 -1
-0.9854 0.2179 1.9957 -0.6429 1.6146 -3.6335 1
-2.0149 2.0427 0.2959 -1.8461 1.7151 -3.2107 1
0.8552 -1.2349 1.9744 1.2999 -0.0037 -0.5142 1
-1.0401 0.4915 -0.9880 1.3671 -0.3519 1.8040 -1
-2.3531 0.1256 -0.8341 3.4719 2.5107 1.2742 -1
-0.4055 1.8414 -1.4424 0.1860 -1.4303 2.5460 -1
-2.1442 -0.4518 2.0035 3.3423 0.4587 -0.4983 1
-0.8994 1.0074 1.4401 0.4784 0.4581 -1.2492 -1
1.1232 1.5665 2.7574 -0.2008 0.6297 -1.6418 -1
-0.0585 -0.3703 1.3374 0.6587 0.9555 -1.2156 1
1.5254 -1.5132 -0.9699 1.1723 -0.5882 2.5747 1
-1.1705 1.3976 -2.4529 -0.2618 -2.1183 2.7200 -1
-0.3278 1.8839 -0.0904 -2.1496 -2.3735 -0.2509 1
-0.5164 1.2328 3.0773 -2.7633 -2.2494 -4.0362 -1
-0.7541 1.5651 -2.3435 0.3603 -1.6181 3.2709 -1
-0.9513 2.6263 -0.6114 1.8649 -2.2509 3.6466 -1
-1.0684 2.5267 0.7700 -1.0025 -3.7292 0.4202 1
-2.8780 -0.9611 -1.4156 0.2664 -1.5816 0.0812 -1
-0.6951 2.3602 0.6806 -1.7649 -5.8142 0.9532 1
0.2265 1.5103 0.4779 -0.9837 0.8061 -0.9787 1
2.6717 -1.6084 -1.2072 2.6888 1.3393 3.9313 1
0.2447 1.6359 1.9349 0.8520 0.2931 -0.3305 -1
-0.6991 -1.5562 1.4365 0.4489 -1.1240 -1.3679 1
-1.6239 1.0078 -0.7441 -1.3047 -0.1660 -1.0688 1
-0.2178 3.2235 0.2034 -2.1457 -1.0927 -0.5358 1
-1.5632 1.0686 1.1842 -1.4513 3.2389 -4.4344 1
-1.7379 -0.7269 0.0503 -0.2160 -4.1877 0.3509 1
-0.4873 1.0803 0.4852 2.7445 0.2461 2.0163 -1
-0.5610 1.5801 1.4023 -1.1875 -1.2457 -1.4964 1
-0.8620 -0.0537 4.7264 -0.2945 2.9142 -6.3762 1
1.6870 -1.2512 -0.5013 2.1302 -0.5168 3.1827 1
-1.1114 1.6488 1.2198 4.6194 -0.4330 3.1838 -1
-2.3970 -1.2384 -1.0466 1.4860 -0.3262 0.4618 -1
4.4906 -2.0521 -0.5279 1.3063 0.9163 3.2505 1
0.4326 -1.3207 2.1924 2.0274 0.3270 -0.5036 1
-1.9673 0.7994 0.1357 1.9452 1.3374 0.0769 -1
1.5476 -1.8374 0.5741 0.3591 0.6326 -0.2015 1
2.9313 -1.6806 1.4403 0.7860 1.0758 0.1261 1
-1.3355 -0.3589 2.7718 0.7249 1.3302 -3.3969 1
-0.9003 0.4430 -1.1966 -0.5247 -0.8678 0.5998 -1
-0.5803 2.5926 -0.1324 -2.1055 -1.2085 -0.6080 1
0.5386 -0.5763 2.8014 -0.3820 2.2096 -3.7382 1
-1.0412 1.8455 0.3762 3.9696 3.3309 1.7215 -1
-0.7672 -1.0725 -0.3099 0.8307 1.0332 -0.3351 1
-1.2247 4.2128 2.5669 -1.6679 -1.8970 -2.0947 1
-0.7628 1.4064 1.4224 0.4489 0.9287 -1.2445 -1
-1.3621 0.1544 3.9566 -0.8915 1.6913 -5.8944 1
-0.9622 0.7435 -0.3659 3.6570 3.0714 1.8604 -1
2.9553 -1.4914 -1.4344 2.0293 -0.1141 4.4358 1
0.1978 0.9841 0.1654 0.6281 0.2557 0.7875 -1
0.5739 3.2588 2.3580 -0.6291 -4.4660 0.9806 1
-1.2213 -1.8307 0.4543 -0.0907 0.3578 -2.0935 1
-1.7695 0.7858 -0.0761 3.2848 -0.9867 2.6640 -1
1.6213 0.2908 0.9471 1.5178 2.8932 0.2962 1
4.2243 -2.3228 -0.8118 0.1233 0.8120 2.2229 1
0.8261 1.4857 0.1447 -0.7182 -2.4556 1.4334 1
-0.5734 -0.6085 1.1543 0.5263 0.2003 -1.2307 1
1.7739 -1.5824 -1.2658 2.3802 -0.8625 4.1783 1
-0.2707 2.1936 1.3357 3.9664 -0.1865 3.1066 -1
-1.7843 0.0117 -1.4433 0.2362 -1.1035 0.9003 -1
0.4145 2.0232 0.9125 2.8576 3.7473 1.0263 -1
0.4314 1.4804 0.4245 3.1123 1.0795 2.7349 -1
2.3074 -1.8738 0.2595 2.6095 -1.2424 3.4278 1
-0.1779 2.0815 2.2896 0.8555 0.6306 -0.8969 -1